i,A_i,conservation,-,A,C,D,E,F,G,H,I,K,L,M,N,P,Q,R,S,T,V,W,Y
0,M,1.000,1.000,0.000,0.000,0.000,0.000,0.000,0.000,0.000,0.000,0.000,0.000,0.000,0.000,0.000,0.000,0.000,0.000,0.000,0.000,0.000,0.000
1,H,1.000,1.000,0.000,0.000,0.000,0.000,0.000,0.000,0.000,0.000,0.000,0.000,0.000,0.000,0.000,0.000,0.000,0.000,0.000,0.000,0.000,0.000
2,H,0.997,0.999,0.000,0.000,0.000,0.000,0.000,0.000,0.000,0.000,0.000,0.000,0.000,0.000,0.000,0.000,0.000,0.000,0.000,0.000,0.000,0.000
3,H,0.982,0.993,0.000,0.000,0.000,0.001,0.000,0.000,0.002,0.000,0.001,0.000,0.000,0.000,0.000,0.001,0.001,0.001,0.000,0.000,0.000,0.000
4,H,0.952,0.980,0.001,0.000,0.002,0.005,0.000,0.000,0.001,0.000,0.001,0.001,0.000,0.001,0.000,0.001,0.001,0.003,0.002,0.000,0.000,0.000
5,H,0.898,0.951,0.002,0.000,0.003,0.006,0.000,0.000,0.005,0.000,0.002,0.005,0.000,0.002,0.001,0.004,0.002,0.014,0.003,0.001,0.000,0.000
6,H,0.856,0.924,0.003,0.000,0.007,0.016,0.000,0.002,0.003,0.000,0.004,0.000,0.001,0.001,0.000,0.016,0.003,0.012,0.006,0.000,0.000,0.000
7,G,0.813,0.898,0.004,0.000,0.013,0.018,0.000,0.002,0.002,0.000,0.004,0.002,0.000,0.003,0.001,0.013,0.012,0.014,0.012,0.001,0.000,0.000
8,G,0.788,0.879,0.004,0.000,0.012,0.017,0.000,0.002,0.002,0.001,0.007,0.001,0.001,0.002,0.003,0.017,0.005,0.019,0.027,0.001,0.000,0.001
9,S,0.756,0.857,0.005,0.001,0.015,0.020,0.000,0.001,0.004,0.001,0.007,0.001,0.000,0.004,0.006,0.008,0.010,0.025,0.034,0.001,0.000,0.000
10,G,0.717,0.833,0.009,0.001,0.012,0.032,0.000,0.004,0.004,0.001,0.008,0.002,0.001,0.005,0.005,0.017,0.010,0.029,0.023,0.002,0.002,0.001
11,Y,0.690,0.810,0.007,0.000,0.016,0.030,0.001,0.004,0.006,0.001,0.013,0.001,0.000,0.005,0.005,0.008,0.025,0.039,0.022,0.002,0.000,0.003
12,P,0.657,0.791,0.011,0.001,0.017,0.032,0.000,0.003,0.024,0.001,0.018,0.002,0.001,0.005,0.009,0.009,0.014,0.020,0.029,0.002,0.000,0.011
13,T,0.643,0.775,0.009,0.000,0.016,0.028,0.001,0.007,0.010,0.001,0.033,0.003,0.001,0.010,0.009,0.007,0.029,0.037,0.019,0.003,0.000,0.001
14,L,0.621,0.761,0.009,0.001,0.020,0.035,0.002,0.019,0.002,0.002,0.020,0.032,0.001,0.006,0.013,0.008,0.017,0.031,0.016,0.003,0.000,0.000
15,K,0.605,0.748,0.012,0.000,0.016,0.041,0.001,0.006,0.015,0.004,0.021,0.004,0.001,0.015,0.010,0.022,0.016,0.048,0.012,0.005,0.000,0.002
16,T,0.591,0.735,0.020,0.000,0.032,0.048,0.001,0.006,0.005,0.003,0.023,0.004,0.001,0.008,0.012,0.009,0.016,0.030,0.030,0.017,0.000,0.000
17,P,0.563,0.724,0.024,0.001,0.019,0.028,0.002,0.010,0.011,0.010,0.018,0.011,0.002,0.011,0.022,0.015,0.017,0.046,0.017,0.011,0.000,0.001
18,E,0.553,0.711,0.019,0.002,0.036,0.037,0.002,0.009,0.003,0.006,0.023,0.008,0.003,0.009,0.033,0.016,0.011,0.030,0.029,0.012,0.000,0.001
19,S,0.529,0.695,0.020,0.000,0.013,0.026,0.003,0.008,0.004,0.020,0.025,0.032,0.005,0.008,0.029,0.014,0.016,0.036,0.028,0.015,0.000,0.001
20,E,0.521,0.678,0.025,0.002,0.025,0.023,0.002,0.015,0.013,0.002,0.031,0.008,0.001,0.016,0.065,0.013,0.031,0.025,0.017,0.006,0.000,0.001
21,V,0.500,0.664,0.021,0.001,0.021,0.034,0.004,0.011,0.003,0.007,0.030,0.031,0.006,0.011,0.046,0.010,0.012,0.050,0.025,0.012,0.001,0.002
22,S,0.505,0.652,0.032,0.000,0.016,0.021,0.001,0.023,0.003,0.004,0.024,0.011,0.006,0.012,0.083,0.012,0.014,0.051,0.024,0.010,0.000,0.001
23,S,0.499,0.641,0.025,0.001,0.021,0.027,0.001,0.014,0.004,0.005,0.026,0.018,0.002,0.010,0.100,0.009,0.019,0.049,0.016,0.009,0.000,0.002
24,F,0.459,0.631,0.034,0.002,0.033,0.029,0.011,0.009,0.004,0.020,0.049,0.018,0.003,0.009,0.039,0.008,0.010,0.028,0.034,0.024,0.003,0.001
25,T,0.454,0.623,0.042,0.001,0.014,0.015,0.004,0.015,0.004,0.012,0.038,0.008,0.002,0.013,0.065,0.017,0.008,0.027,0.019,0.029,0.039,0.003
26,A,0.452,0.618,0.038,0.003,0.025,0.026,0.003,0.016,0.003,0.016,0.031,0.021,0.005,0.012,0.050,0.009,0.011,0.023,0.017,0.070,0.001,0.002
27,S,0.423,0.612,0.040,0.003,0.017,0.015,0.036,0.012,0.005,0.011,0.041,0.016,0.002,0.017,0.018,0.020,0.027,0.033,0.022,0.029,0.006,0.017
28,K,0.416,0.607,0.020,0.001,0.017,0.012,0.017,0.010,0.008,0.008,0.037,0.042,0.005,0.025,0.030,0.019,0.016,0.030,0.025,0.020,0.040,0.012
29,V,0.423,0.603,0.020,0.001,0.007,0.023,0.004,0.019,0.025,0.024,0.034,0.025,0.020,0.028,0.009,0.040,0.018,0.022,0.017,0.058,0.000,0.003
30,S,0.446,0.600,0.023,0.001,0.041,0.025,0.001,0.036,0.005,0.011,0.023,0.012,0.001,0.015,0.038,0.014,0.013,0.084,0.036,0.021,0.000,0.001
31,Q,0.454,0.598,0.019,0.000,0.005,0.012,0.002,0.027,0.005,0.009,0.103,0.012,0.004,0.021,0.028,0.039,0.041,0.035,0.031,0.006,0.000,0.001
32,Y,0.568,0.595,0.004,0.002,0.001,0.001,0.101,0.001,0.002,0.004,0.002,0.013,0.003,0.004,0.001,0.000,0.001,0.004,0.004,0.006,0.069,0.183
33,S,0.531,0.593,0.182,0.004,0.004,0.009,0.000,0.004,0.001,0.013,0.006,0.009,0.005,0.003,0.001,0.025,0.003,0.063,0.013,0.061,0.000,0.000
34,C,0.680,0.591,0.004,0.355,0.001,0.002,0.001,0.002,0.001,0.005,0.003,0.006,0.001,0.002,0.002,0.001,0.001,0.009,0.007,0.007,0.000,0.000
35,Q,0.464,0.563,0.057,0.006,0.017,0.014,0.004,0.004,0.009,0.002,0.038,0.016,0.062,0.015,0.001,0.157,0.005,0.020,0.008,0.002,0.000,0.001
36,R,0.536,0.551,0.007,0.000,0.010,0.012,0.000,0.003,0.018,0.002,0.018,0.004,0.002,0.011,0.001,0.072,0.257,0.015,0.011,0.003,0.000,0.001
37,K,0.448,0.542,0.036,0.002,0.006,0.007,0.007,0.021,0.005,0.003,0.091,0.004,0.002,0.005,0.092,0.005,0.067,0.094,0.005,0.004,0.000,0.002
38,T,0.474,0.538,0.052,0.004,0.005,0.011,0.003,0.032,0.028,0.001,0.007,0.001,0.002,0.015,0.004,0.004,0.004,0.116,0.164,0.002,0.000,0.007
39,T,0.445,0.529,0.019,0.001,0.030,0.020,0.004,0.006,0.004,0.002,0.018,0.009,0.001,0.018,0.175,0.014,0.006,0.043,0.089,0.009,0.000,0.003
40,L,0.388,0.511,0.033,0.001,0.010,0.011,0.003,0.028,0.002,0.009,0.024,0.151,0.010,0.015,0.019,0.041,0.012,0.066,0.031,0.018,0.001,0.006
41,N,0.336,0.491,0.017,0.001,0.051,0.069,0.002,0.020,0.032,0.013,0.030,0.008,0.004,0.079,0.048,0.029,0.009,0.023,0.046,0.025,0.001,0.004
42,N,0.382,0.450,0.008,0.039,0.037,0.005,0.002,0.029,0.043,0.003,0.011,0.003,0.005,0.218,0.049,0.004,0.032,0.037,0.019,0.006,0.000,0.002
43,C,0.231,0.254,0.031,0.011,0.004,0.003,0.018,0.004,0.123,0.009,0.037,0.067,0.005,0.032,0.222,0.019,0.040,0.032,0.045,0.018,0.001,0.025
44,N,0.752,0.102,0.000,0.000,0.000,0.000,0.000,0.000,0.002,0.000,0.114,0.001,0.000,0.772,0.000,0.001,0.005,0.001,0.002,0.000,0.000,0.000
45,K,0.202,0.086,0.146,0.001,0.078,0.114,0.003,0.014,0.025,0.012,0.211,0.020,0.003,0.016,0.010,0.114,0.049,0.053,0.034,0.008,0.001,0.003
46,K,0.166,0.077,0.059,0.014,0.176,0.234,0.009,0.029,0.053,0.034,0.050,0.019,0.004,0.037,0.012,0.048,0.066,0.025,0.028,0.020,0.003,0.004
47,F,0.419,0.073,0.018,0.003,0.000,0.000,0.141,0.000,0.000,0.345,0.000,0.153,0.004,0.000,0.000,0.000,0.000,0.001,0.068,0.189,0.000,0.005
48,T,0.374,0.072,0.275,0.032,0.000,0.024,0.000,0.004,0.001,0.255,0.000,0.027,0.004,0.000,0.000,0.003,0.002,0.034,0.195,0.071,0.000,0.001
49,D,0.256,0.067,0.136,0.001,0.218,0.208,0.002,0.019,0.011,0.002,0.093,0.006,0.001,0.032,0.000,0.048,0.083,0.037,0.020,0.006,0.006,0.001
50,A,0.210,0.066,0.144,0.001,0.001,0.044,0.040,0.002,0.008,0.160,0.089,0.189,0.031,0.002,0.009,0.057,0.025,0.004,0.028,0.095,0.001,0.002
51,F,0.716,0.065,0.000,0.000,0.000,0.000,0.221,0.000,0.000,0.009,0.000,0.695,0.009,0.000,0.000,0.000,0.000,0.000,0.000,0.002,0.000,0.000
52,E,0.239,0.064,0.021,0.000,0.066,0.358,0.005,0.038,0.011,0.016,0.062,0.019,0.012,0.036,0.000,0.116,0.062,0.047,0.032,0.013,0.001,0.021
53,I,0.261,0.061,0.017,0.000,0.025,0.338,0.003,0.002,0.006,0.048,0.144,0.033,0.009,0.015,0.005,0.074,0.043,0.022,0.064,0.088,0.000,0.001
54,M,0.429,0.059,0.005,0.002,0.000,0.002,0.031,0.000,0.002,0.289,0.000,0.350,0.135,0.003,0.000,0.000,0.000,0.001,0.015,0.044,0.001,0.062
55,A,0.446,0.058,0.595,0.017,0.000,0.018,0.003,0.043,0.005,0.025,0.029,0.029,0.018,0.003,0.000,0.015,0.075,0.037,0.002,0.020,0.000,0.007
56,E,0.231,0.057,0.040,0.000,0.273,0.170,0.003,0.005,0.008,0.037,0.094,0.056,0.004,0.070,0.000,0.021,0.033,0.017,0.068,0.040,0.000,0.002
57,N,0.254,0.056,0.123,0.005,0.004,0.016,0.026,0.003,0.025,0.084,0.012,0.265,0.018,0.058,0.000,0.008,0.014,0.028,0.015,0.014,0.004,0.220
58,Y,0.301,0.055,0.058,0.006,0.003,0.068,0.016,0.000,0.021,0.035,0.002,0.271,0.083,0.004,0.000,0.002,0.103,0.008,0.005,0.007,0.003,0.250
59,E,0.318,0.054,0.065,0.000,0.049,0.442,0.004,0.024,0.004,0.010,0.070,0.028,0.005,0.013,0.001,0.034,0.069,0.054,0.067,0.006,0.001,0.001
60,F,0.238,0.053,0.092,0.000,0.005,0.004,0.099,0.007,0.017,0.176,0.015,0.272,0.031,0.065,0.000,0.021,0.044,0.023,0.005,0.058,0.000,0.013
61,K,0.167,0.051,0.019,0.007,0.058,0.084,0.001,0.043,0.003,0.030,0.186,0.045,0.021,0.076,0.004,0.116,0.039,0.057,0.147,0.012,0.001,0.001
62,E,0.398,0.049,0.036,0.000,0.073,0.100,0.000,0.508,0.004,0.001,0.042,0.023,0.002,0.052,0.003,0.028,0.055,0.019,0.005,0.001,0.000,0.000
63,N,0.412,0.047,0.027,0.001,0.364,0.060,0.001,0.004,0.005,0.011,0.005,0.007,0.006,0.327,0.001,0.015,0.003,0.044,0.004,0.065,0.001,0.002
64,E,0.154,0.047,0.091,0.000,0.064,0.164,0.010,0.012,0.044,0.046,0.082,0.005,0.010,0.016,0.192,0.058,0.053,0.036,0.034,0.026,0.001,0.009
65,I,0.349,0.046,0.004,0.001,0.001,0.001,0.403,0.075,0.046,0.065,0.003,0.002,0.006,0.002,0.002,0.002,0.042,0.012,0.005,0.023,0.169,0.090
66,F,0.520,0.046,0.003,0.002,0.000,0.005,0.007,0.068,0.003,0.001,0.353,0.002,0.000,0.012,0.016,0.009,0.442,0.029,0.001,0.001,0.000,0.000
67,C,0.242,0.045,0.162,0.039,0.000,0.011,0.009,0.017,0.006,0.163,0.002,0.016,0.004,0.004,0.070,0.009,0.005,0.090,0.058,0.238,0.000,0.052
68,L,0.293,0.045,0.020,0.000,0.001,0.001,0.045,0.004,0.006,0.040,0.025,0.193,0.017,0.069,0.000,0.017,0.352,0.087,0.020,0.036,0.001,0.020
69,E,0.601,0.044,0.665,0.000,0.002,0.008,0.000,0.071,0.001,0.002,0.002,0.000,0.004,0.005,0.001,0.006,0.001,0.147,0.019,0.023,0.000,0.000
70,F,0.746,0.044,0.001,0.000,0.000,0.000,0.171,0.000,0.003,0.004,0.000,0.008,0.001,0.000,0.000,0.000,0.000,0.001,0.001,0.001,0.001,0.763
71,L,0.345,0.043,0.028,0.006,0.018,0.104,0.002,0.007,0.015,0.003,0.029,0.016,0.015,0.011,0.000,0.062,0.455,0.125,0.024,0.002,0.000,0.035
72,R,0.462,0.042,0.004,0.000,0.004,0.004,0.001,0.003,0.004,0.005,0.443,0.008,0.003,0.100,0.000,0.019,0.261,0.019,0.076,0.002,0.000,0.000
73,A,0.733,0.041,0.816,0.008,0.000,0.000,0.001,0.033,0.000,0.011,0.000,0.001,0.002,0.000,0.000,0.000,0.000,0.055,0.006,0.026,0.000,0.000
74,A,0.563,0.041,0.551,0.003,0.000,0.003,0.000,0.006,0.000,0.278,0.004,0.014,0.005,0.001,0.000,0.004,0.001,0.038,0.007,0.044,0.000,0.001
75,S,0.210,0.041,0.169,0.006,0.035,0.067,0.002,0.037,0.008,0.007,0.030,0.017,0.005,0.078,0.020,0.080,0.179,0.184,0.028,0.003,0.000,0.002
76,V,0.354,0.041,0.339,0.001,0.000,0.005,0.002,0.008,0.001,0.039,0.009,0.017,0.009,0.045,0.001,0.010,0.010,0.120,0.146,0.197,0.000,0.001
77,L,0.611,0.043,0.002,0.000,0.000,0.000,0.001,0.000,0.000,0.321,0.000,0.492,0.005,0.000,0.000,0.000,0.000,0.000,0.001,0.133,0.000,0.000
78,K,0.328,0.043,0.132,0.001,0.015,0.250,0.001,0.064,0.002,0.004,0.237,0.011,0.005,0.006,0.000,0.018,0.151,0.052,0.004,0.003,0.000,0.004
79,S,0.186,0.041,0.185,0.008,0.044,0.038,0.008,0.115,0.021,0.006,0.104,0.018,0.004,0.061,0.001,0.034,0.078,0.169,0.053,0.009,0.000,0.002
80,L,0.304,0.041,0.014,0.012,0.092,0.005,0.038,0.000,0.115,0.012,0.001,0.310,0.017,0.003,0.000,0.069,0.001,0.019,0.013,0.012,0.005,0.219
81,P,0.344,0.041,0.027,0.000,0.090,0.070,0.000,0.041,0.064,0.000,0.020,0.002,0.001,0.020,0.450,0.019,0.012,0.067,0.070,0.002,0.000,0.000
82,F,0.128,0.042,0.047,0.007,0.026,0.126,0.081,0.031,0.050,0.008,0.119,0.008,0.002,0.010,0.002,0.032,0.158,0.047,0.071,0.043,0.014,0.074
83,P,0.234,0.041,0.050,0.000,0.176,0.076,0.001,0.004,0.003,0.005,0.147,0.014,0.002,0.016,0.181,0.020,0.087,0.120,0.042,0.015,0.000,0.001
84,V,0.537,0.040,0.012,0.000,0.001,0.001,0.014,0.000,0.000,0.420,0.000,0.226,0.015,0.000,0.001,0.000,0.000,0.001,0.001,0.266,0.000,0.000
85,T,0.186,0.039,0.114,0.009,0.033,0.123,0.003,0.024,0.007,0.016,0.089,0.010,0.008,0.019,0.005,0.044,0.079,0.142,0.200,0.028,0.002,0.005
86,R,0.232,0.039,0.048,0.011,0.103,0.115,0.002,0.074,0.021,0.002,0.036,0.004,0.001,0.040,0.006,0.027,0.073,0.280,0.112,0.004,0.000,0.002
87,M,0.105,0.038,0.107,0.000,0.022,0.082,0.013,0.127,0.005,0.117,0.034,0.078,0.058,0.009,0.069,0.018,0.043,0.025,0.017,0.064,0.011,0.062
88,K,0.229,0.037,0.084,0.000,0.151,0.216,0.002,0.096,0.008,0.003,0.134,0.004,0.002,0.034,0.004,0.074,0.047,0.067,0.027,0.006,0.000,0.002
89,D,0.342,0.035,0.076,0.000,0.228,0.318,0.000,0.053,0.002,0.001,0.048,0.003,0.003,0.013,0.005,0.146,0.036,0.015,0.011,0.004,0.000,0.000
90,I,0.431,0.033,0.256,0.003,0.000,0.000,0.056,0.002,0.000,0.092,0.000,0.364,0.004,0.000,0.018,0.000,0.000,0.001,0.021,0.146,0.001,0.003
91,Q,0.130,0.033,0.065,0.045,0.032,0.094,0.010,0.023,0.013,0.024,0.149,0.078,0.014,0.010,0.007,0.083,0.116,0.053,0.125,0.014,0.000,0.010
92,G,0.214,0.033,0.108,0.003,0.072,0.160,0.000,0.113,0.022,0.001,0.194,0.008,0.001,0.035,0.003,0.053,0.080,0.076,0.032,0.005,0.000,0.001
93,L,0.608,0.031,0.001,0.001,0.000,0.001,0.006,0.000,0.001,0.370,0.005,0.504,0.014,0.000,0.001,0.002,0.001,0.000,0.004,0.056,0.000,0.003
94,P,0.480,0.035,0.019,0.000,0.053,0.029,0.002,0.004,0.008,0.003,0.112,0.002,0.001,0.026,0.607,0.017,0.025,0.040,0.010,0.002,0.001,0.004
95,C,0.520,0.029,0.018,0.064,0.020,0.001,0.022,0.667,0.030,0.000,0.006,0.002,0.001,0.056,0.001,0.005,0.017,0.028,0.012,0.001,0.011,0.011
96,M,0.543,0.029,0.002,0.074,0.000,0.001,0.025,0.000,0.000,0.496,0.000,0.081,0.012,0.000,0.000,0.000,0.000,0.001,0.000,0.276,0.000,0.000
97,G,0.838,0.029,0.002,0.000,0.032,0.010,0.001,0.904,0.000,0.000,0.005,0.000,0.000,0.006,0.001,0.001,0.002,0.007,0.001,0.001,0.000,0.000
98,D,0.279,0.030,0.079,0.000,0.112,0.177,0.000,0.027,0.009,0.005,0.327,0.005,0.002,0.010,0.051,0.032,0.037,0.039,0.038,0.020,0.000,0.000
99,R,0.280,0.028,0.097,0.000,0.065,0.009,0.000,0.153,0.081,0.001,0.209,0.000,0.000,0.013,0.000,0.016,0.140,0.156,0.025,0.004,0.000,0.000
100,V,0.425,0.027,0.006,0.008,0.000,0.000,0.004,0.001,0.000,0.367,0.000,0.218,0.095,0.001,0.001,0.000,0.000,0.060,0.166,0.044,0.000,0.001
101,R,0.448,0.026,0.605,0.008,0.001,0.017,0.005,0.037,0.003,0.012,0.052,0.038,0.008,0.007,0.000,0.037,0.046,0.062,0.011,0.015,0.004,0.004
102,D,0.216,0.025,0.157,0.007,0.145,0.210,0.003,0.054,0.006,0.002,0.095,0.022,0.004,0.037,0.000,0.046,0.066,0.079,0.029,0.010,0.000,0.003
103,V,0.469,0.024,0.005,0.000,0.006,0.002,0.001,0.001,0.057,0.038,0.534,0.084,0.007,0.009,0.000,0.007,0.035,0.003,0.004,0.176,0.001,0.007
104,I,0.621,0.023,0.003,0.003,0.000,0.000,0.041,0.000,0.000,0.705,0.001,0.062,0.019,0.000,0.000,0.000,0.000,0.001,0.004,0.107,0.018,0.013
105,E,0.160,0.022,0.061,0.002,0.111,0.230,0.001,0.015,0.024,0.030,0.064,0.041,0.023,0.028,0.000,0.105,0.052,0.023,0.044,0.099,0.016,0.007
106,E,0.712,0.022,0.014,0.000,0.061,0.815,0.001,0.004,0.003,0.003,0.002,0.003,0.001,0.003,0.000,0.029,0.001,0.006,0.022,0.009,0.000,0.001
107,I,0.437,0.021,0.005,0.003,0.000,0.000,0.158,0.000,0.002,0.374,0.000,0.143,0.014,0.000,0.000,0.001,0.002,0.001,0.001,0.023,0.040,0.211
108,I,0.348,0.021,0.050,0.004,0.001,0.004,0.048,0.001,0.008,0.147,0.036,0.371,0.033,0.007,0.000,0.018,0.018,0.006,0.010,0.207,0.001,0.008
109,E,0.243,0.021,0.060,0.005,0.057,0.329,0.008,0.009,0.013,0.004,0.083,0.025,0.003,0.054,0.000,0.088,0.073,0.054,0.100,0.007,0.005,0.002
110,E,0.464,0.022,0.008,0.010,0.054,0.038,0.004,0.009,0.031,0.002,0.024,0.006,0.002,0.043,0.001,0.010,0.017,0.107,0.600,0.002,0.000,0.011
111,G,0.769,0.020,0.005,0.001,0.032,0.009,0.000,0.860,0.006,0.000,0.006,0.000,0.000,0.038,0.001,0.003,0.007,0.008,0.002,0.001,0.000,0.000
112,E,0.218,0.020,0.028,0.004,0.022,0.109,0.007,0.016,0.109,0.004,0.208,0.004,0.002,0.016,0.002,0.038,0.156,0.087,0.125,0.031,0.000,0.011
113,S,0.394,0.021,0.006,0.074,0.000,0.001,0.030,0.003,0.002,0.159,0.001,0.388,0.028,0.001,0.003,0.001,0.000,0.189,0.015,0.073,0.001,0.003
114,S,0.217,0.020,0.093,0.002,0.034,0.133,0.013,0.025,0.009,0.003,0.079,0.008,0.002,0.007,0.070,0.076,0.210,0.161,0.043,0.008,0.000,0.001
115,R,0.229,0.021,0.088,0.000,0.014,0.217,0.020,0.007,0.022,0.006,0.215,0.068,0.008,0.001,0.002,0.043,0.114,0.009,0.037,0.065,0.000,0.042
116,A,0.448,0.020,0.071,0.002,0.001,0.001,0.036,0.001,0.020,0.045,0.001,0.515,0.003,0.003,0.001,0.005,0.011,0.009,0.008,0.176,0.001,0.071
117,K,0.417,0.022,0.029,0.001,0.192,0.495,0.001,0.008,0.008,0.005,0.069,0.008,0.003,0.031,0.001,0.057,0.025,0.015,0.022,0.010,0.000,0.002
118,D,0.210,0.031,0.069,0.003,0.071,0.288,0.003,0.010,0.089,0.004,0.107,0.006,0.003,0.061,0.002,0.055,0.064,0.052,0.034,0.008,0.001,0.037
119,V,0.354,0.024,0.090,0.001,0.006,0.017,0.059,0.002,0.002,0.174,0.011,0.411,0.013,0.002,0.002,0.006,0.010,0.007,0.054,0.090,0.001,0.018
120,L,0.270,0.125,0.021,0.011,0.021,0.135,0.004,0.002,0.019,0.008,0.181,0.088,0.011,0.026,0.001,0.054,0.262,0.013,0.010,0.006,0.000,0.001
121,N,0.228,0.268,0.158,0.009,0.026,0.047,0.001,0.016,0.015,0.003,0.089,0.023,0.006,0.084,0.000,0.082,0.032,0.073,0.057,0.006,0.002,0.002
122,D,0.290,0.136,0.018,0.002,0.287,0.105,0.001,0.043,0.005,0.001,0.085,0.003,0.001,0.045,0.002,0.029,0.026,0.163,0.045,0.001,0.000,0.000
123,E,0.327,0.095,0.041,0.000,0.072,0.423,0.002,0.013,0.002,0.011,0.058,0.007,0.001,0.005,0.131,0.034,0.040,0.023,0.019,0.013,0.000,0.010
124,R,0.133,0.041,0.035,0.001,0.039,0.045,0.024,0.005,0.010,0.097,0.084,0.097,0.023,0.015,0.009,0.021,0.137,0.053,0.074,0.167,0.009,0.013
125,Y,0.292,0.026,0.020,0.001,0.065,0.011,0.048,0.003,0.005,0.020,0.004,0.061,0.024,0.022,0.410,0.006,0.012,0.042,0.013,0.109,0.002,0.097
126,K,0.170,0.025,0.123,0.003,0.021,0.094,0.002,0.016,0.012,0.022,0.130,0.017,0.004,0.014,0.117,0.135,0.093,0.073,0.020,0.078,0.000,0.003
127,S,0.277,0.020,0.161,0.006,0.053,0.024,0.002,0.253,0.005,0.054,0.008,0.015,0.003,0.009,0.004,0.005,0.002,0.087,0.128,0.158,0.000,0.003
128,F,0.468,0.014,0.006,0.002,0.000,0.004,0.037,0.001,0.001,0.176,0.005,0.479,0.111,0.000,0.000,0.004,0.012,0.003,0.009,0.131,0.001,0.002
129,K,0.132,0.019,0.050,0.001,0.026,0.094,0.030,0.013,0.013,0.075,0.146,0.081,0.006,0.081,0.007,0.065,0.126,0.067,0.032,0.065,0.000,0.002
130,E,0.228,0.015,0.082,0.001,0.046,0.197,0.019,0.012,0.005,0.024,0.020,0.288,0.014,0.007,0.084,0.045,0.028,0.026,0.047,0.032,0.000,0.007
131,F,0.629,0.011,0.001,0.000,0.000,0.000,0.423,0.000,0.000,0.031,0.000,0.462,0.054,0.000,0.000,0.000,0.000,0.000,0.000,0.011,0.004,0.001
132,T,0.300,0.012,0.023,0.008,0.002,0.007,0.007,0.036,0.005,0.028,0.013,0.274,0.082,0.016,0.000,0.023,0.011,0.074,0.302,0.014,0.005,0.056
133,S,0.229,0.011,0.068,0.001,0.071,0.078,0.001,0.121,0.010,0.000,0.136,0.003,0.002,0.125,0.001,0.078,0.144,0.119,0.029,0.002,0.000,0.000
134,V,0.643,0.011,0.002,0.005,0.000,0.000,0.001,0.000,0.000,0.492,0.000,0.122,0.001,0.000,0.000,0.000,0.000,0.000,0.001,0.366,0.000,0.000
135,F,0.304,0.011,0.008,0.000,0.004,0.078,0.111,0.003,0.035,0.002,0.004,0.002,0.001,0.003,0.287,0.037,0.009,0.048,0.025,0.002,0.193,0.138
136,G,0.799,0.010,0.004,0.000,0.016,0.003,0.001,0.881,0.002,0.000,0.001,0.000,0.003,0.010,0.000,0.003,0.002,0.019,0.042,0.000,0.001,0.001
137,V,0.510,0.010,0.090,0.008,0.000,0.000,0.012,0.000,0.000,0.191,0.000,0.281,0.020,0.000,0.000,0.000,0.000,0.001,0.001,0.385,0.000,0.000
138,G,0.942,0.010,0.011,0.000,0.000,0.000,0.000,0.971,0.000,0.000,0.000,0.000,0.000,0.001,0.000,0.000,0.000,0.004,0.002,0.000,0.000,0.000
139,V,0.386,0.010,0.107,0.000,0.014,0.018,0.007,0.092,0.006,0.014,0.008,0.051,0.002,0.007,0.506,0.009,0.014,0.029,0.028,0.073,0.000,0.005
140,K,0.467,0.009,0.112,0.000,0.003,0.008,0.001,0.005,0.017,0.008,0.578,0.002,0.002,0.010,0.005,0.012,0.062,0.060,0.058,0.043,0.000,0.003
141,T,0.445,0.009,0.039,0.000,0.001,0.001,0.002,0.004,0.006,0.017,0.266,0.014,0.011,0.010,0.000,0.047,0.099,0.019,0.444,0.010,0.000,0.001
142,S,0.635,0.008,0.674,0.000,0.000,0.000,0.000,0.003,0.000,0.116,0.000,0.043,0.002,0.000,0.000,0.000,0.000,0.027,0.005,0.120,0.000,0.000
143,E,0.162,0.008,0.130,0.002,0.044,0.069,0.011,0.054,0.023,0.012,0.137,0.066,0.032,0.029,0.000,0.093,0.185,0.055,0.012,0.013,0.003,0.023
144,K,0.247,0.008,0.079,0.001,0.042,0.080,0.007,0.003,0.012,0.014,0.334,0.076,0.044,0.013,0.000,0.054,0.112,0.024,0.059,0.036,0.000,0.002
145,W,0.578,0.007,0.008,0.000,0.000,0.000,0.117,0.000,0.001,0.035,0.000,0.508,0.005,0.000,0.000,0.000,0.000,0.000,0.000,0.017,0.296,0.005
146,F,0.463,0.007,0.022,0.003,0.001,0.001,0.065,0.001,0.074,0.063,0.002,0.019,0.005,0.006,0.000,0.005,0.006,0.007,0.002,0.109,0.032,0.568
147,R,0.237,0.007,0.079,0.003,0.126,0.182,0.002,0.010,0.039,0.003,0.102,0.008,0.003,0.050,0.000,0.176,0.131,0.048,0.020,0.004,0.001,0.006
148,M,0.288,0.007,0.105,0.001,0.048,0.305,0.001,0.009,0.011,0.003,0.148,0.031,0.034,0.021,0.000,0.156,0.074,0.021,0.015,0.006,0.001,0.001
149,G,0.685,0.005,0.006,0.000,0.028,0.013,0.001,0.792,0.039,0.000,0.035,0.001,0.000,0.041,0.001,0.022,0.008,0.006,0.001,0.000,0.000,0.001
150,L,0.354,0.006,0.014,0.040,0.000,0.000,0.102,0.000,0.047,0.331,0.001,0.112,0.004,0.001,0.001,0.000,0.001,0.001,0.001,0.197,0.075,0.067
151,R,0.334,0.006,0.023,0.004,0.056,0.048,0.002,0.010,0.019,0.011,0.125,0.007,0.007,0.014,0.000,0.027,0.422,0.066,0.129,0.021,0.001,0.003
152,T,0.526,0.005,0.002,0.002,0.155,0.012,0.000,0.010,0.001,0.000,0.005,0.000,0.000,0.076,0.001,0.001,0.003,0.300,0.425,0.000,0.000,0.000
153,V,0.508,0.005,0.043,0.000,0.000,0.005,0.030,0.001,0.001,0.152,0.015,0.560,0.016,0.000,0.023,0.002,0.010,0.001,0.004,0.130,0.000,0.001
154,E,0.413,0.004,0.089,0.001,0.365,0.326,0.000,0.021,0.010,0.002,0.032,0.003,0.001,0.021,0.011,0.034,0.008,0.050,0.014,0.006,0.000,0.001
155,E,0.506,0.004,0.037,0.000,0.554,0.183,0.000,0.020,0.004,0.001,0.018,0.001,0.002,0.004,0.000,0.077,0.003,0.062,0.028,0.001,0.000,0.000
156,V,0.702,0.004,0.014,0.001,0.000,0.000,0.005,0.000,0.000,0.132,0.001,0.725,0.005,0.000,0.000,0.000,0.000,0.001,0.001,0.111,0.000,0.000
157,K,0.280,0.005,0.055,0.005,0.005,0.164,0.003,0.004,0.013,0.042,0.221,0.076,0.008,0.004,0.001,0.055,0.235,0.011,0.011,0.075,0.002,0.006
158,A,0.230,0.004,0.124,0.002,0.035,0.167,0.005,0.011,0.014,0.003,0.208,0.008,0.002,0.054,0.107,0.032,0.048,0.088,0.083,0.004,0.000,0.001
159,D,0.283,0.022,0.018,0.001,0.049,0.048,0.017,0.402,0.063,0.009,0.119,0.009,0.001,0.058,0.003,0.038,0.065,0.034,0.007,0.004,0.000,0.033
160,K,0.413,0.342,0.006,0.001,0.008,0.009,0.367,0.096,0.004,0.008,0.030,0.020,0.031,0.008,0.021,0.010,0.006,0.009,0.005,0.002,0.003,0.011
161,T,0.359,0.208,0.020,0.002,0.019,0.044,0.004,0.439,0.005,0.004,0.025,0.008,0.002,0.012,0.025,0.023,0.009,0.040,0.028,0.007,0.073,0.003
162,L,0.180,0.013,0.228,0.001,0.080,0.148,0.006,0.027,0.029,0.045,0.117,0.038,0.004,0.033,0.079,0.045,0.014,0.035,0.015,0.040,0.001,0.004
163,K,0.363,0.007,0.015,0.003,0.029,0.019,0.003,0.012,0.031,0.010,0.506,0.029,0.009,0.026,0.014,0.025,0.071,0.100,0.075,0.015,0.000,0.002
164,L,0.514,0.006,0.007,0.000,0.001,0.001,0.022,0.006,0.001,0.015,0.029,0.518,0.006,0.002,0.007,0.004,0.005,0.102,0.254,0.013,0.001,0.000
165,S,0.361,0.006,0.040,0.001,0.024,0.303,0.000,0.004,0.002,0.012,0.005,0.008,0.000,0.130,0.005,0.044,0.009,0.116,0.265,0.024,0.000,0.000
166,K,0.209,0.004,0.081,0.000,0.049,0.237,0.002,0.005,0.082,0.004,0.079,0.012,0.005,0.037,0.041,0.096,0.157,0.051,0.036,0.007,0.009,0.005
167,M,0.207,0.005,0.080,0.002,0.018,0.019,0.001,0.012,0.070,0.007,0.169,0.010,0.053,0.232,0.008,0.099,0.035,0.060,0.036,0.078,0.005,0.001
168,Q,0.597,0.004,0.004,0.000,0.001,0.002,0.001,0.000,0.002,0.359,0.002,0.076,0.012,0.001,0.002,0.501,0.001,0.001,0.004,0.021,0.001,0.002
169,R,0.372,0.003,0.054,0.001,0.001,0.026,0.002,0.005,0.003,0.026,0.162,0.357,0.010,0.002,0.002,0.151,0.158,0.006,0.011,0.017,0.001,0.002
170,A,0.236,0.003,0.144,0.001,0.035,0.096,0.008,0.004,0.056,0.291,0.091,0.063,0.006,0.009,0.000,0.030,0.039,0.023,0.018,0.073,0.004,0.006
171,G,0.631,0.002,0.144,0.006,0.001,0.025,0.001,0.706,0.007,0.002,0.003,0.003,0.001,0.034,0.000,0.002,0.005,0.048,0.003,0.002,0.003,0.001
172,F,0.560,0.002,0.013,0.000,0.000,0.001,0.046,0.000,0.000,0.323,0.001,0.441,0.006,0.000,0.001,0.000,0.001,0.001,0.003,0.156,0.004,0.001
173,L,0.326,0.002,0.092,0.001,0.062,0.251,0.001,0.018,0.003,0.002,0.309,0.062,0.004,0.014,0.012,0.070,0.060,0.020,0.012,0.005,0.000,0.000
174,Y,0.252,0.002,0.032,0.004,0.022,0.055,0.122,0.004,0.203,0.013,0.015,0.117,0.011,0.021,0.000,0.030,0.045,0.011,0.012,0.015,0.004,0.262
175,Y,0.333,0.004,0.093,0.002,0.000,0.004,0.142,0.005,0.054,0.015,0.008,0.127,0.039,0.002,0.002,0.008,0.041,0.009,0.005,0.044,0.006,0.389
176,E,0.260,0.002,0.032,0.000,0.236,0.227,0.002,0.092,0.028,0.003,0.079,0.016,0.002,0.038,0.010,0.057,0.115,0.030,0.021,0.003,0.000,0.006
177,D,0.367,0.003,0.034,0.000,0.441,0.157,0.000,0.020,0.019,0.005,0.087,0.004,0.002,0.016,0.001,0.066,0.043,0.055,0.041,0.006,0.000,0.001
178,L,0.257,0.003,0.083,0.000,0.004,0.008,0.270,0.023,0.008,0.108,0.028,0.192,0.010,0.012,0.002,0.016,0.111,0.064,0.018,0.016,0.007,0.015
179,V,0.149,0.003,0.053,0.004,0.023,0.097,0.001,0.098,0.017,0.012,0.076,0.131,0.010,0.102,0.094,0.090,0.040,0.096,0.028,0.024,0.000,0.000
180,S,0.208,0.001,0.038,0.003,0.096,0.211,0.001,0.097,0.011,0.011,0.112,0.037,0.005,0.012,0.005,0.114,0.063,0.071,0.094,0.016,0.000,0.000
181,C,0.561,0.001,0.020,0.017,0.003,0.006,0.002,0.026,0.005,0.001,0.096,0.013,0.005,0.003,0.094,0.010,0.671,0.011,0.008,0.002,0.001,0.005
182,V,0.357,0.001,0.007,0.004,0.001,0.014,0.064,0.001,0.022,0.386,0.005,0.104,0.124,0.001,0.001,0.014,0.013,0.008,0.026,0.178,0.003,0.024
183,S,0.453,0.001,0.013,0.001,0.004,0.006,0.002,0.009,0.015,0.007,0.019,0.164,0.002,0.007,0.537,0.016,0.048,0.083,0.056,0.005,0.001,0.006
184,K,0.503,0.001,0.004,0.001,0.000,0.002,0.007,0.000,0.005,0.110,0.050,0.260,0.005,0.001,0.002,0.007,0.491,0.003,0.002,0.020,0.016,0.013
185,A,0.216,0.001,0.249,0.003,0.101,0.133,0.003,0.129,0.039,0.008,0.031,0.005,0.004,0.026,0.049,0.019,0.018,0.110,0.024,0.016,0.025,0.006
186,E,0.444,0.001,0.029,0.000,0.081,0.592,0.032,0.002,0.009,0.016,0.017,0.020,0.009,0.005,0.001,0.040,0.015,0.007,0.030,0.059,0.000,0.037
187,A,0.536,0.001,0.471,0.011,0.000,0.000,0.001,0.014,0.000,0.070,0.000,0.012,0.106,0.000,0.000,0.000,0.000,0.010,0.011,0.293,0.000,0.000
188,D,0.219,0.001,0.102,0.002,0.069,0.272,0.012,0.018,0.008,0.021,0.040,0.163,0.047,0.006,0.000,0.051,0.076,0.018,0.057,0.018,0.006,0.013
189,A,0.245,0.001,0.204,0.002,0.057,0.206,0.005,0.022,0.008,0.007,0.048,0.023,0.005,0.010,0.180,0.090,0.034,0.055,0.020,0.016,0.002,0.004
190,V,0.361,0.001,0.030,0.003,0.003,0.012,0.020,0.001,0.062,0.373,0.003,0.210,0.072,0.001,0.001,0.010,0.006,0.005,0.019,0.133,0.003,0.030
191,S,0.329,0.001,0.401,0.003,0.009,0.157,0.026,0.136,0.012,0.014,0.014,0.019,0.002,0.012,0.000,0.044,0.022,0.042,0.012,0.060,0.000,0.011
192,S,0.235,0.001,0.100,0.004,0.130,0.278,0.001,0.023,0.017,0.007,0.088,0.029,0.007,0.054,0.001,0.105,0.064,0.040,0.030,0.018,0.001,0.001
193,I,0.123,0.002,0.057,0.005,0.059,0.099,0.036,0.012,0.012,0.166,0.050,0.100,0.021,0.007,0.032,0.039,0.055,0.026,0.086,0.109,0.004,0.022
194,V,0.572,0.001,0.016,0.002,0.000,0.000,0.015,0.000,0.000,0.346,0.000,0.186,0.015,0.000,0.000,0.000,0.000,0.001,0.002,0.412,0.001,0.002
195,K,0.205,0.001,0.023,0.007,0.020,0.157,0.007,0.009,0.016,0.048,0.131,0.161,0.030,0.013,0.000,0.064,0.153,0.019,0.027,0.106,0.000,0.006
196,N,0.233,0.002,0.184,0.001,0.110,0.206,0.001,0.033,0.013,0.005,0.130,0.011,0.002,0.047,0.013,0.056,0.081,0.059,0.036,0.008,0.001,0.003
197,T,0.181,0.002,0.255,0.007,0.010,0.129,0.036,0.013,0.104,0.039,0.023,0.029,0.010,0.009,0.000,0.037,0.042,0.035,0.047,0.059,0.013,0.102
198,V,0.473,0.011,0.222,0.008,0.000,0.000,0.017,0.026,0.000,0.073,0.001,0.444,0.022,0.000,0.000,0.000,0.001,0.003,0.009,0.161,0.000,0.000
199,C,0.133,0.027,0.084,0.013,0.034,0.105,0.005,0.031,0.052,0.009,0.128,0.064,0.006,0.050,0.001,0.090,0.144,0.093,0.020,0.028,0.011,0.005
200,T,0.177,0.027,0.164,0.006,0.059,0.116,0.003,0.056,0.010,0.005,0.154,0.023,0.007,0.038,0.005,0.067,0.089,0.107,0.053,0.010,0.002,0.002
201,F,0.281,0.018,0.051,0.020,0.006,0.010,0.072,0.007,0.025,0.262,0.007,0.202,0.037,0.011,0.001,0.008,0.010,0.024,0.017,0.205,0.000,0.008
202,L,0.207,0.009,0.036,0.007,0.268,0.067,0.006,0.019,0.011,0.009,0.065,0.120,0.002,0.050,0.149,0.027,0.041,0.047,0.045,0.015,0.000,0.005
203,P,0.311,0.005,0.075,0.003,0.049,0.098,0.004,0.174,0.013,0.002,0.039,0.012,0.001,0.014,0.369,0.019,0.013,0.075,0.023,0.006,0.000,0.005
204,D,0.228,0.004,0.043,0.050,0.093,0.054,0.007,0.238,0.008,0.105,0.045,0.015,0.003,0.032,0.003,0.018,0.027,0.022,0.017,0.214,0.000,0.001
205,A,0.134,0.003,0.127,0.031,0.035,0.128,0.061,0.018,0.008,0.072,0.043,0.142,0.023,0.007,0.001,0.026,0.025,0.033,0.025,0.115,0.005,0.070
206,L,0.192,0.002,0.020,0.001,0.032,0.137,0.022,0.007,0.017,0.076,0.081,0.059,0.007,0.020,0.001,0.136,0.212,0.030,0.066,0.067,0.004,0.004
207,V,0.295,0.001,0.151,0.127,0.000,0.000,0.084,0.010,0.004,0.144,0.000,0.079,0.043,0.000,0.001,0.001,0.001,0.032,0.014,0.261,0.003,0.042
208,T,0.248,0.001,0.081,0.005,0.040,0.172,0.005,0.004,0.010,0.092,0.007,0.028,0.027,0.005,0.000,0.030,0.008,0.119,0.223,0.134,0.001,0.007
209,I,0.290,0.001,0.096,0.038,0.000,0.003,0.009,0.002,0.009,0.270,0.003,0.157,0.018,0.000,0.048,0.003,0.057,0.004,0.024,0.194,0.005,0.058
210,T,0.429,0.002,0.398,0.193,0.000,0.000,0.000,0.091,0.000,0.008,0.000,0.025,0.049,0.001,0.000,0.003,0.000,0.007,0.101,0.122,0.000,0.000
211,G,0.986,0.002,0.000,0.000,0.000,0.000,0.000,0.995,0.000,0.000,0.000,0.000,0.000,0.000,0.000,0.000,0.000,0.002,0.000,0.000,0.000,0.000
212,G,0.791,0.002,0.004,0.000,0.005,0.004,0.000,0.210,0.000,0.000,0.000,0.000,0.000,0.000,0.000,0.001,0.000,0.772,0.001,0.000,0.000,0.000
213,F,0.504,0.002,0.011,0.002,0.000,0.000,0.217,0.002,0.007,0.056,0.000,0.230,0.007,0.001,0.000,0.000,0.000,0.002,0.007,0.024,0.001,0.430
214,R,0.949,0.002,0.003,0.002,0.000,0.000,0.000,0.000,0.001,0.003,0.001,0.003,0.000,0.001,0.000,0.001,0.979,0.002,0.000,0.002,0.000,0.000
215,R,0.985,0.003,0.000,0.000,0.000,0.000,0.000,0.000,0.000,0.000,0.001,0.000,0.000,0.000,0.000,0.000,0.994,0.001,0.000,0.000,0.000,0.000
216,G,0.469,0.004,0.013,0.006,0.001,0.008,0.014,0.581,0.002,0.002,0.028,0.021,0.132,0.004,0.000,0.010,0.080,0.009,0.007,0.017,0.051,0.010
217,K,0.497,0.004,0.139,0.005,0.002,0.018,0.003,0.002,0.002,0.001,0.520,0.019,0.004,0.010,0.001,0.021,0.207,0.023,0.004,0.014,0.000,0.001
218,K,0.375,0.005,0.134,0.000,0.072,0.454,0.001,0.003,0.003,0.002,0.049,0.045,0.006,0.006,0.100,0.033,0.005,0.051,0.020,0.010,0.000,0.001
219,I,0.394,0.008,0.025,0.002,0.064,0.057,0.031,0.003,0.005,0.027,0.007,0.020,0.023,0.012,0.000,0.033,0.005,0.122,0.526,0.019,0.001,0.008
220,G,0.410,0.005,0.008,0.180,0.000,0.000,0.003,0.108,0.001,0.187,0.000,0.008,0.005,0.007,0.002,0.000,0.000,0.271,0.007,0.205,0.000,0.000
221,H,0.614,0.005,0.006,0.000,0.003,0.004,0.001,0.672,0.121,0.000,0.115,0.001,0.000,0.027,0.003,0.002,0.011,0.025,0.002,0.000,0.000,0.001
222,D,0.934,0.005,0.001,0.000,0.971,0.005,0.000,0.003,0.002,0.000,0.001,0.000,0.000,0.003,0.000,0.001,0.002,0.004,0.001,0.000,0.000,0.000
223,I,0.574,0.005,0.008,0.005,0.000,0.000,0.001,0.001,0.000,0.347,0.000,0.210,0.036,0.000,0.000,0.000,0.000,0.000,0.001,0.385,0.000,0.000
224,D,0.945,0.005,0.000,0.000,0.977,0.003,0.000,0.000,0.001,0.001,0.001,0.000,0.000,0.003,0.000,0.002,0.001,0.002,0.002,0.001,0.000,0.001
225,F,0.452,0.005,0.010,0.013,0.000,0.000,0.214,0.000,0.000,0.317,0.000,0.141,0.027,0.000,0.000,0.000,0.000,0.000,0.004,0.245,0.001,0.023
226,L,0.617,0.006,0.016,0.001,0.000,0.000,0.001,0.001,0.000,0.250,0.000,0.568,0.021,0.000,0.000,0.000,0.000,0.004,0.001,0.131,0.000,0.000
227,I,0.508,0.005,0.117,0.004,0.000,0.000,0.021,0.003,0.000,0.386,0.000,0.147,0.010,0.000,0.000,0.000,0.000,0.001,0.006,0.299,0.000,0.000
228,T,0.458,0.006,0.211,0.012,0.002,0.008,0.008,0.019,0.002,0.018,0.007,0.010,0.003,0.001,0.000,0.003,0.005,0.169,0.465,0.042,0.004,0.005
229,S,0.328,0.006,0.135,0.018,0.008,0.002,0.002,0.025,0.348,0.004,0.060,0.006,0.003,0.011,0.010,0.003,0.045,0.146,0.145,0.020,0.001,0.004
230,P,0.317,0.005,0.042,0.005,0.101,0.094,0.002,0.015,0.010,0.001,0.077,0.007,0.001,0.039,0.410,0.014,0.078,0.047,0.045,0.004,0.000,0.002
231,G,0.290,0.006,0.037,0.001,0.379,0.130,0.002,0.067,0.024,0.002,0.053,0.005,0.002,0.083,0.015,0.040,0.048,0.067,0.029,0.008,0.000,0.002
232,Q,0.188,0.006,0.084,0.012,0.029,0.119,0.041,0.178,0.012,0.012,0.018,0.031,0.007,0.012,0.229,0.009,0.022,0.077,0.047,0.018,0.005,0.035
233,R,0.155,0.012,0.115,0.003,0.060,0.151,0.003,0.124,0.020,0.012,0.110,0.018,0.005,0.032,0.017,0.044,0.056,0.083,0.101,0.028,0.001,0.004
234,E,0.164,0.019,0.139,0.004,0.034,0.070,0.003,0.016,0.014,0.033,0.111,0.037,0.008,0.013,0.090,0.044,0.056,0.214,0.050,0.041,0.003,0.003
235,D,0.248,0.248,0.039,0.005,0.032,0.142,0.002,0.020,0.127,0.015,0.022,0.014,0.004,0.008,0.007,0.011,0.007,0.033,0.107,0.153,0.001,0.003
236,D,0.199,0.281,0.069,0.001,0.034,0.071,0.002,0.018,0.020,0.015,0.124,0.024,0.027,0.012,0.013,0.054,0.111,0.059,0.027,0.034,0.000,0.005
237,E,0.359,0.406,0.013,0.000,0.067,0.070,0.003,0.230,0.012,0.018,0.028,0.004,0.003,0.050,0.004,0.024,0.010,0.027,0.021,0.008,0.000,0.002
238,L,0.395,0.409,0.022,0.003,0.004,0.005,0.068,0.002,0.002,0.067,0.037,0.235,0.008,0.002,0.004,0.003,0.016,0.004,0.005,0.096,0.001,0.006
239,L,0.378,0.414,0.010,0.015,0.001,0.002,0.106,0.005,0.003,0.041,0.013,0.216,0.032,0.002,0.002,0.022,0.010,0.011,0.018,0.074,0.001,0.003
240,H,0.283,0.416,0.028,0.004,0.016,0.030,0.003,0.024,0.031,0.008,0.047,0.021,0.009,0.021,0.134,0.019,0.027,0.087,0.034,0.035,0.001,0.005
241,K,0.328,0.399,0.031,0.002,0.057,0.030,0.029,0.008,0.010,0.008,0.218,0.010,0.013,0.021,0.017,0.021,0.079,0.022,0.015,0.008,0.000,0.002
242,G,0.715,0.788,0.002,0.001,0.003,0.002,0.010,0.040,0.003,0.007,0.001,0.114,0.016,0.003,0.000,0.002,0.002,0.002,0.002,0.001,0.000,0.001
243,L,0.649,0.784,0.008,0.000,0.027,0.025,0.001,0.011,0.027,0.017,0.023,0.031,0.001,0.011,0.002,0.007,0.008,0.008,0.006,0.002,0.000,0.001
244,L,0.638,0.773,0.018,0.000,0.013,0.018,0.000,0.004,0.004,0.007,0.020,0.051,0.002,0.010,0.001,0.023,0.019,0.013,0.016,0.009,0.000,0.000
245,L,0.447,0.171,0.026,0.001,0.000,0.000,0.061,0.000,0.001,0.124,0.000,0.320,0.003,0.000,0.001,0.000,0.000,0.001,0.002,0.271,0.001,0.017
246,Y,0.353,0.150,0.016,0.004,0.000,0.000,0.016,0.006,0.004,0.121,0.001,0.145,0.147,0.000,0.001,0.000,0.003,0.003,0.023,0.313,0.002,0.045
247,C,0.165,0.066,0.089,0.031,0.189,0.191,0.002,0.018,0.019,0.005,0.075,0.014,0.002,0.037,0.050,0.060,0.045,0.054,0.025,0.014,0.001,0.013
248,D,0.127,0.052,0.166,0.018,0.055,0.041,0.007,0.017,0.077,0.018,0.068,0.020,0.002,0.013,0.004,0.084,0.125,0.124,0.025,0.025,0.029,0.029
249,I,0.623,0.044,0.002,0.001,0.000,0.000,0.223,0.001,0.003,0.027,0.000,0.644,0.016,0.001,0.002,0.000,0.001,0.001,0.003,0.014,0.002,0.015
250,I,0.142,0.049,0.041,0.011,0.011,0.168,0.027,0.008,0.058,0.044,0.097,0.094,0.008,0.006,0.005,0.049,0.064,0.017,0.128,0.102,0.001,0.014
251,E,0.211,0.051,0.136,0.001,0.103,0.171,0.001,0.042,0.012,0.002,0.137,0.006,0.001,0.048,0.002,0.070,0.065,0.107,0.039,0.005,0.000,0.001
252,S,0.093,0.045,0.054,0.009,0.029,0.057,0.032,0.008,0.026,0.051,0.053,0.154,0.059,0.012,0.001,0.103,0.049,0.119,0.028,0.020,0.032,0.060
253,T,0.303,0.044,0.014,0.002,0.073,0.070,0.001,0.338,0.021,0.000,0.056,0.012,0.001,0.040,0.215,0.013,0.016,0.030,0.048,0.002,0.000,0.001
254,F,0.170,0.044,0.019,0.005,0.039,0.064,0.294,0.050,0.020,0.047,0.015,0.132,0.015,0.035,0.013,0.023,0.024,0.022,0.006,0.021,0.034,0.076
255,V,0.417,0.038,0.033,0.002,0.023,0.015,0.003,0.003,0.002,0.264,0.007,0.243,0.007,0.001,0.001,0.001,0.006,0.003,0.032,0.312,0.000,0.002
256,K,0.220,0.038,0.100,0.002,0.050,0.058,0.001,0.013,0.006,0.026,0.128,0.070,0.010,0.006,0.004,0.035,0.048,0.042,0.291,0.069,0.000,0.002
257,E,0.242,0.037,0.077,0.015,0.193,0.274,0.006,0.010,0.126,0.002,0.042,0.006,0.001,0.015,0.004,0.023,0.047,0.037,0.021,0.017,0.001,0.048
258,Q,0.263,0.037,0.026,0.002,0.141,0.026,0.004,0.016,0.027,0.089,0.041,0.012,0.005,0.005,0.005,0.035,0.021,0.029,0.167,0.309,0.000,0.002
259,I,0.451,0.037,0.009,0.000,0.004,0.008,0.007,0.007,0.008,0.223,0.022,0.517,0.024,0.002,0.001,0.016,0.005,0.010,0.016,0.065,0.007,0.011
260,P,0.258,0.038,0.317,0.001,0.007,0.048,0.003,0.054,0.032,0.017,0.006,0.025,0.007,0.015,0.047,0.011,0.007,0.186,0.077,0.093,0.004,0.005
261,S,0.143,0.045,0.097,0.009,0.010,0.019,0.011,0.016,0.076,0.031,0.108,0.118,0.019,0.020,0.003,0.061,0.072,0.178,0.065,0.037,0.000,0.006
262,R,0.384,0.046,0.013,0.003,0.006,0.007,0.004,0.508,0.085,0.004,0.010,0.008,0.003,0.013,0.042,0.036,0.059,0.111,0.030,0.006,0.004,0.002
263,H,0.474,0.615,0.005,0.002,0.010,0.067,0.002,0.015,0.017,0.001,0.025,0.029,0.007,0.036,0.004,0.009,0.047,0.071,0.033,0.003,0.000,0.002
264,V,0.450,0.614,0.012,0.001,0.037,0.062,0.034,0.008,0.025,0.003,0.022,0.002,0.002,0.010,0.010,0.009,0.033,0.040,0.044,0.025,0.002,0.005
265,D,0.483,0.624,0.020,0.000,0.048,0.051,0.000,0.024,0.033,0.000,0.012,0.003,0.001,0.060,0.007,0.011,0.012,0.062,0.019,0.008,0.000,0.005
266,A,0.514,0.657,0.051,0.001,0.011,0.008,0.006,0.089,0.034,0.004,0.013,0.003,0.002,0.033,0.009,0.007,0.010,0.023,0.027,0.005,0.005,0.002
267,M,0.485,0.631,0.009,0.000,0.027,0.009,0.083,0.010,0.010,0.005,0.012,0.025,0.079,0.013,0.003,0.003,0.011,0.019,0.030,0.004,0.014,0.003
268,D,0.552,0.558,0.011,0.001,0.259,0.015,0.001,0.083,0.006,0.001,0.005,0.002,0.001,0.007,0.007,0.006,0.007,0.020,0.006,0.004,0.000,0.001
269,H,0.401,0.546,0.022,0.001,0.050,0.029,0.001,0.037,0.057,0.002,0.007,0.021,0.001,0.029,0.007,0.019,0.029,0.068,0.065,0.005,0.000,0.003
270,F,0.145,0.054,0.026,0.004,0.149,0.143,0.096,0.080,0.015,0.006,0.021,0.105,0.002,0.017,0.072,0.076,0.012,0.042,0.038,0.035,0.000,0.006
271,Q,0.271,0.050,0.050,0.004,0.125,0.085,0.005,0.007,0.011,0.004,0.100,0.013,0.003,0.023,0.004,0.054,0.020,0.093,0.336,0.009,0.001,0.002
272,K,0.634,0.046,0.004,0.002,0.002,0.003,0.001,0.005,0.004,0.008,0.725,0.003,0.003,0.003,0.001,0.004,0.108,0.013,0.057,0.007,0.000,0.001
273,C,0.234,0.048,0.188,0.096,0.000,0.000,0.075,0.008,0.001,0.023,0.001,0.012,0.010,0.001,0.001,0.002,0.001,0.092,0.091,0.109,0.095,0.146
274,F,0.325,0.054,0.009,0.001,0.001,0.003,0.133,0.001,0.070,0.004,0.004,0.154,0.132,0.005,0.000,0.012,0.026,0.327,0.048,0.004,0.000,0.010
275,A,0.398,0.131,0.028,0.029,0.000,0.001,0.007,0.315,0.001,0.059,0.001,0.067,0.002,0.001,0.000,0.000,0.001,0.037,0.023,0.297,0.000,0.000
276,I,0.323,0.185,0.058,0.029,0.002,0.020,0.012,0.007,0.003,0.193,0.002,0.081,0.011,0.001,0.000,0.005,0.024,0.007,0.041,0.309,0.002,0.005
277,L,0.277,0.120,0.019,0.231,0.000,0.000,0.095,0.011,0.002,0.070,0.001,0.210,0.011,0.000,0.000,0.000,0.005,0.044,0.020,0.079,0.074,0.005
278,K,0.250,0.063,0.041,0.023,0.032,0.035,0.001,0.011,0.020,0.012,0.160,0.017,0.005,0.014,0.001,0.126,0.319,0.022,0.053,0.040,0.001,0.002
279,L,0.277,0.071,0.022,0.008,0.078,0.026,0.019,0.021,0.009,0.027,0.006,0.428,0.008,0.027,0.004,0.012,0.010,0.045,0.075,0.045,0.003,0.057
280,Y,0.253,0.068,0.035,0.001,0.075,0.068,0.002,0.125,0.022,0.005,0.045,0.008,0.001,0.027,0.362,0.023,0.027,0.042,0.039,0.016,0.001,0.009
281,Q,0.115,0.099,0.032,0.003,0.064,0.067,0.012,0.208,0.025,0.010,0.079,0.046,0.015,0.064,0.024,0.042,0.034,0.070,0.031,0.016,0.006,0.055
282,P,0.128,0.148,0.022,0.004,0.095,0.075,0.024,0.163,0.011,0.011,0.037,0.017,0.007,0.032,0.093,0.053,0.043,0.081,0.033,0.014,0.029,0.009
283,R,0.722,0.838,0.006,0.002,0.019,0.020,0.003,0.006,0.002,0.001,0.007,0.009,0.001,0.002,0.036,0.012,0.022,0.006,0.004,0.003,0.001,0.001
284,V,0.820,0.906,0.007,0.001,0.008,0.009,0.000,0.007,0.001,0.002,0.006,0.002,0.001,0.003,0.003,0.002,0.004,0.005,0.005,0.025,0.000,0.002
285,D,0.826,0.911,0.006,0.001,0.019,0.008,0.001,0.007,0.003,0.001,0.006,0.001,0.001,0.006,0.006,0.003,0.006,0.009,0.004,0.003,0.001,0.000
286,N,0.820,0.909,0.007,0.001,0.007,0.007,0.001,0.015,0.003,0.002,0.005,0.002,0.000,0.011,0.005,0.002,0.005,0.009,0.007,0.003,0.000,0.001
287,S,0.809,0.902,0.009,0.000,0.007,0.009,0.001,0.006,0.001,0.002,0.004,0.005,0.001,0.004,0.006,0.005,0.005,0.017,0.008,0.004,0.000,0.002
288,S,0.784,0.884,0.004,0.000,0.008,0.009,0.001,0.010,0.001,0.002,0.009,0.003,0.001,0.006,0.003,0.005,0.003,0.019,0.020,0.004,0.006,0.000
289,Y,0.757,0.871,0.008,0.004,0.011,0.012,0.000,0.009,0.002,0.001,0.013,0.005,0.001,0.003,0.006,0.009,0.012,0.013,0.005,0.008,0.001,0.005
