Residue_Number,Chain,Amino_Acid,SS_8,SS_3,SS_Description
1,A,M,C,C,Loop
2,A,H,C,C,Loop
3,A,H,C,C,Loop
4,A,H,C,C,Loop
5,A,H,C,C,Loop
6,A,H,C,C,Loop
7,A,H,C,C,Loop
8,A,H,C,C,Loop
9,A,H,C,C,Loop
10,A,P,C,C,Loop
11,A,H,C,C,Loop
12,A,V,C,C,Loop
13,A,P,C,C,Loop
14,A,V,C,C,Loop
15,A,K,C,C,Loop
16,A,V,C,C,Loop
17,A,L,C,C,Loop
18,A,P,C,C,Loop
19,A,K,T,C,Turn
20,A,S,H,H,α-helix
21,A,L,H,H,α-helix
22,A,K,H,H,α-helix
23,A,S,H,H,α-helix
24,A,S,H,H,α-helix
25,A,F,C,C,Loop
26,A,T,C,C,Loop
27,A,A,G,H,3/10-helix
28,A,S,G,H,3/10-helix
29,A,K,G,H,3/10-helix
30,A,V,C,C,Loop
31,A,S,C,C,Loop
32,A,Q,S,C,Bend
33,A,Y,S,C,Bend
34,A,S,G,H,3/10-helix
35,A,C,G,H,3/10-helix
36,A,Q,G,H,3/10-helix
37,A,R,S,C,Bend
38,A,K,C,C,Loop
39,A,T,B,E,β-bridge
40,A,T,C,C,Loop
41,A,L,S,C,Bend
42,A,N,C,C,Loop
43,A,N,C,C,Loop
44,A,C,T,C,Turn
45,A,N,T,C,Turn
46,A,K,H,H,α-helix
47,A,K,H,H,α-helix
48,A,F,H,H,α-helix
49,A,T,H,H,α-helix
50,A,D,H,H,α-helix
51,A,A,H,H,α-helix
52,A,F,H,H,α-helix
53,A,E,H,H,α-helix
54,A,I,H,H,α-helix
55,A,M,H,H,α-helix
56,A,A,H,H,α-helix
57,A,E,H,H,α-helix
58,A,N,H,H,α-helix
59,A,Y,H,H,α-helix
60,A,E,H,H,α-helix
61,A,F,H,H,α-helix
62,A,K,T,C,Turn
63,A,E,T,C,Turn
64,A,N,C,C,Loop
65,A,E,H,H,α-helix
66,A,I,H,H,α-helix
67,A,F,H,H,α-helix
68,A,C,H,H,α-helix
69,A,L,H,H,α-helix
70,A,E,H,H,α-helix
71,A,F,H,H,α-helix
72,A,L,H,H,α-helix
73,A,R,H,H,α-helix
74,A,A,H,H,α-helix
75,A,A,H,H,α-helix
76,A,S,H,H,α-helix
77,A,V,H,H,α-helix
78,A,L,H,H,α-helix
79,A,K,H,H,α-helix
80,A,S,T,C,Turn
81,A,L,C,C,Loop
82,A,P,S,C,Bend
83,A,F,S,C,Bend
84,A,P,C,C,Loop
85,A,V,C,C,Loop
86,A,T,C,C,Loop
87,A,R,S,C,Bend
88,A,M,G,H,3/10-helix
89,A,K,G,H,3/10-helix
90,A,D,G,H,3/10-helix
91,A,I,G,H,3/10-helix
92,A,Q,T,C,Turn
93,A,G,T,C,Turn
94,A,L,X,X,Unknown
95,A,P,T,C,Turn
96,A,C,T,C,Turn
97,A,M,C,C,Loop
98,A,G,C,C,Loop
99,A,D,H,H,α-helix
100,A,R,H,H,α-helix
101,A,V,H,H,α-helix
102,A,R,H,H,α-helix
103,A,D,H,H,α-helix
104,A,V,H,H,α-helix
105,A,I,H,H,α-helix
106,A,E,H,H,α-helix
107,A,E,H,H,α-helix
108,A,I,H,H,α-helix
109,A,I,H,H,α-helix
110,A,E,H,H,α-helix
111,A,E,H,H,α-helix
112,A,G,S,C,Bend
113,A,E,S,C,Bend
114,A,S,C,C,Loop
115,A,S,H,H,α-helix
116,A,R,H,H,α-helix
117,A,A,H,H,α-helix
118,A,K,H,H,α-helix
119,A,D,H,H,α-helix
120,A,V,H,H,α-helix
121,A,L,H,H,α-helix
122,A,N,H,H,α-helix
123,A,D,C,C,Loop
124,A,E,H,H,α-helix
125,A,R,H,H,α-helix
126,A,Y,H,H,α-helix
127,A,K,H,H,α-helix
128,A,S,H,H,α-helix
129,A,F,H,H,α-helix
130,A,K,H,H,α-helix
131,A,E,H,H,α-helix
132,A,F,H,H,α-helix
133,A,T,H,H,α-helix
134,A,S,T,C,Turn
135,A,V,S,C,Bend
136,A,F,T,C,Turn
137,A,G,T,C,Turn
138,A,V,C,C,Loop
139,A,G,C,C,Loop
140,A,V,H,H,α-helix
141,A,K,H,H,α-helix
142,A,T,H,H,α-helix
143,A,S,H,H,α-helix
144,A,E,H,H,α-helix
145,A,K,H,H,α-helix
146,A,W,H,H,α-helix
147,A,F,H,H,α-helix
148,A,R,H,H,α-helix
149,A,M,T,C,Turn
150,A,G,T,C,Turn
151,A,L,C,C,Loop
152,A,R,C,C,Loop
153,A,T,S,C,Bend
154,A,V,H,H,α-helix
155,A,E,H,H,α-helix
156,A,E,H,H,α-helix
157,A,V,H,H,α-helix
158,A,K,H,H,α-helix
159,A,A,H,H,α-helix
160,A,D,C,C,Loop
161,A,K,T,C,Turn
162,A,T,T,C,Turn
163,A,L,C,C,Loop
164,A,K,C,C,Loop
165,A,L,C,C,Loop
166,A,S,C,C,Loop
167,A,K,H,H,α-helix
168,A,M,H,H,α-helix
169,A,Q,H,H,α-helix
170,A,R,H,H,α-helix
171,A,A,H,H,α-helix
172,A,G,H,H,α-helix
173,A,F,H,H,α-helix
174,A,L,H,H,α-helix
175,A,Y,T,C,Turn
176,A,Y,H,H,α-helix
177,A,E,H,H,α-helix
178,A,D,H,H,α-helix
179,A,L,H,H,α-helix
180,A,V,H,H,α-helix
181,A,S,S,C,Bend
182,A,C,P,H,κ-helix
183,A,V,E,E,β-strand
184,A,S,E,E,β-strand
185,A,K,H,H,α-helix
186,A,A,H,H,α-helix
187,A,E,H,H,α-helix
188,A,A,H,H,α-helix
189,A,D,H,H,α-helix
190,A,A,H,H,α-helix
191,A,V,H,H,α-helix
192,A,S,H,H,α-helix
193,A,S,H,H,α-helix
194,A,I,H,H,α-helix
195,A,V,H,H,α-helix
196,A,K,H,H,α-helix
197,A,N,H,H,α-helix
198,A,T,H,H,α-helix
199,A,V,H,H,α-helix
200,A,C,H,H,α-helix
201,A,T,H,H,α-helix
202,A,F,H,H,α-helix
203,A,L,C,C,Loop
204,A,P,T,C,Turn
205,A,D,T,C,Turn
206,A,A,C,C,Loop
207,A,L,E,E,β-strand
208,A,V,E,E,β-strand
209,A,T,E,E,β-strand
210,A,I,E,E,β-strand
211,A,T,C,C,Loop
212,A,G,H,H,α-helix
213,A,G,H,H,α-helix
214,A,F,H,H,α-helix
215,A,R,H,H,α-helix
216,A,R,T,C,Turn
217,A,G,T,C,Turn
218,A,K,C,C,Loop
219,A,K,S,C,Bend
220,A,I,E,E,β-strand
221,A,G,E,E,β-strand
222,A,H,S,C,Bend
223,A,D,E,E,β-strand
224,A,I,E,E,β-strand
225,A,D,E,E,β-strand
226,A,F,E,E,β-strand
227,A,L,E,E,β-strand
228,A,I,E,E,β-strand
229,A,T,E,E,β-strand
230,A,S,C,C,Loop
231,A,P,T,C,Turn
232,A,G,T,C,Turn
233,A,Q,C,C,Loop
234,A,R,S,C,Bend
235,A,E,C,C,Loop
236,A,D,T,C,Turn
237,A,D,H,H,α-helix
238,A,E,H,H,α-helix
239,A,L,H,H,α-helix
240,A,L,H,H,α-helix
241,A,H,H,H,α-helix
242,A,K,H,H,α-helix
243,A,G,H,H,α-helix
244,A,L,H,H,α-helix
245,A,L,H,H,α-helix
246,A,L,H,H,α-helix
247,A,Y,H,H,α-helix
248,A,C,T,C,Turn
249,A,D,T,C,Turn
250,A,I,S,C,Bend
251,A,I,S,C,Bend
252,A,E,C,C,Loop
253,A,S,C,C,Loop
254,A,T,C,C,Loop
255,A,F,C,C,Loop
256,A,V,C,C,Loop
257,A,K,C,C,Loop
258,A,E,C,C,Loop
259,A,Q,C,C,Loop
260,A,I,C,C,Loop
261,A,P,C,C,Loop
262,A,S,C,C,Loop
263,A,R,C,C,Loop
264,A,H,C,C,Loop
265,A,V,C,C,Loop
266,A,D,B,E,β-bridge
267,A,A,T,C,Turn
268,A,M,T,C,Turn
269,A,D,B,E,β-bridge
270,A,H,C,C,Loop
271,A,F,S,C,Bend
272,A,Q,E,E,β-strand
273,A,K,E,E,β-strand
274,A,C,E,E,β-strand
275,A,F,E,E,β-strand
276,A,A,E,E,β-strand
277,A,I,E,E,β-strand
278,A,L,E,E,β-strand
279,A,K,E,E,β-strand
280,A,L,C,C,Loop
281,A,Y,C,C,Loop
282,A,Q,C,C,Loop
283,A,P,C,C,Loop
284,A,R,C,C,Loop
285,A,V,C,C,Loop
286,A,D,C,C,Loop
287,A,N,C,C,Loop
288,A,S,S,C,Bend
289,A,S,C,C,Loop
290,A,Y,C,C,Loop
291,A,N,C,C,Loop
292,A,M,T,C,Turn
293,A,S,T,C,Turn
294,A,K,S,C,Bend
295,A,K,C,C,Loop
296,A,C,C,C,Loop
297,A,D,C,C,Loop
298,A,M,G,H,3/10-helix
299,A,A,G,H,3/10-helix
300,A,E,G,H,3/10-helix
301,A,V,C,C,Loop
302,A,K,C,C,Loop
303,A,D,S,C,Bend
304,A,W,S,C,Bend
305,A,K,C,C,Loop
306,A,A,E,E,β-strand
307,A,I,E,E,β-strand
308,A,R,E,E,β-strand
309,A,V,E,E,β-strand
310,A,D,E,E,β-strand
311,A,L,E,E,β-strand
312,A,V,E,E,β-strand
313,A,I,E,E,β-strand
314,A,T,C,C,Loop
315,A,P,C,C,Loop
316,A,F,G,H,3/10-helix
317,A,E,G,H,3/10-helix
318,A,Q,G,H,3/10-helix
319,A,Y,H,H,α-helix
320,A,A,H,H,α-helix
321,A,Y,H,H,α-helix
322,A,A,H,H,α-helix
323,A,L,H,H,α-helix
324,A,L,H,H,α-helix
325,A,G,H,H,α-helix
326,A,W,H,H,α-helix
327,A,T,H,H,α-helix
328,A,G,S,C,Bend
329,A,S,C,C,Loop
330,A,R,H,H,α-helix
331,A,Q,H,H,α-helix
332,A,F,H,H,α-helix
333,A,G,H,H,α-helix
334,A,R,H,H,α-helix
335,A,D,H,H,α-helix
336,A,L,H,H,α-helix
337,A,R,H,H,α-helix
338,A,R,H,H,α-helix
339,A,Y,H,H,α-helix
340,A,A,H,H,α-helix
341,A,T,H,H,α-helix
342,A,H,H,H,α-helix
343,A,E,T,C,Turn
344,A,R,S,C,Bend
345,A,K,S,C,Bend
346,A,M,E,E,β-strand
347,A,M,E,E,β-strand
348,A,L,E,E,β-strand
349,A,D,C,C,Loop
350,A,N,S,C,Bend
351,A,H,S,C,Bend
352,A,A,C,C,Loop
353,A,L,E,E,β-strand
354,A,Y,E,E,β-strand
355,A,D,E,E,β-strand
356,A,K,T,C,Turn
357,A,R,T,C,Turn
358,A,K,T,C,Turn
359,A,R,T,C,Turn
360,A,V,E,E,β-strand
361,A,F,E,E,β-strand
362,A,L,E,E,β-strand
363,A,K,P,H,κ-helix
364,A,A,C,C,Loop
365,A,G,S,C,Bend
366,A,S,S,C,Bend
367,A,E,H,H,α-helix
368,A,E,H,H,α-helix
369,A,E,H,H,α-helix
370,A,I,H,H,α-helix
371,A,F,H,H,α-helix
372,A,A,H,H,α-helix
373,A,H,H,H,α-helix
374,A,L,H,H,α-helix
375,A,G,T,C,Turn
376,A,L,C,C,Loop
377,A,D,P,H,κ-helix
378,A,Y,P,H,κ-helix
379,A,V,P,H,κ-helix
380,A,E,P,H,κ-helix
381,A,P,G,H,3/10-helix
382,A,W,G,H,3/10-helix
383,A,E,G,H,3/10-helix
384,A,R,B,E,β-bridge
385,A,N,C,C,Loop
386,A,A,C,C,Loop
